25,5,-1,-3.764375201050792,-7.229315491961401
26,5,-1,-3.6443985731118462,-7.24030249491804
27,5,-1,-3.3290638645137753,-7.277854147856288
28,5,-1,-2.947899457662056,-7.338815367815556
29,5,-1,-2.5432731717760437,-7.408693306441493
30,5,-1,-2.1363356776082245,-7.478203677606516
27,5,-1,2.109666560001723,-7.317429351172606
28,5,-1,2.187134372917047,-7.428962213225503
29,5,-1,2.344998013673414,-7.588701628004529
30,5,-1,2.6175829292923685,-7.773483674838047
31,5,-1,3.0499465458222415,-7.952730093399381
32,5,-1,3.695781793393143,-8.07967677781221
33,5,-1,4.585744163374617,-8.104892927487668
34,5,-1,5.122435595928225,-8.070155924592216
35,5,-1,5.715724467376364,-8.00329477634834
36,5,-1,7.054690943276153,-7.773612084063288
37,5,-1,8.584102080057576,-7.41780528438386
38,5,-1,10.303245276151163,-6.939129162192756
39,5,-1,12.229582833686983,-6.339458561854613
40,5,-1,14.382660315184237,-5.608686817594844
41,5,-1,15.541548006712599,-5.1930795886205345
42,5,-1,18.012018954294216,-4.27841825514507
43,5,-1,19.312970918372873,-3.789111954836187
44,5,-1,22.004263443436194,-2.7706443907328695
35,5,-1,30.864204027627277,-11.835226461459683
36,5,-1,31.243135728601576,-11.825038493664763
37,5,-1,31.76288297472385,-11.77059608206554
38,5,-1,32.35033816022078,-11.66922618650031
39,5,-1,32.95882207848984,-11.535187856639311
40,5,-1,33.547134197873845,-11.383113921911473
41,5,-1,33.820850666841125,-11.304886361919017
42,5,-1,34.30165409104047,-11.153195575070129
43,5,-1,34.49844091335826,-11.08339055557093
44,5,-1,34.77921910502078,-10.964437127681904
45,5,-1,34.85401829470978,-10.915528995844214
46,5,-1,34.87911223816196,-10.871880288118604
47,5,-1,34.75409535462421,-10.796491116963395
48,5,-1,34.37539151280225,-10.720793907169622
49,5,-1,33.7403993533415,-10.623314254451785
50,5,-1,32.85827214793101,-10.528850755232114
51,5,-1,31.721281749421852,-10.465188730164158
52,5,-1,30.313701269685804,-10.393938922392849
53,5,-1,28.65620703574503,-10.249041511944696
54,5,-1,26.819647750448063,-9.978355392139278
55,5,-1,24.87131128000518,-9.596064648480109
56,5,-1,22.850339604090898,-9.12957590404902
57,5,-1,20.77975965675989,-8.595664889026054
58,5,-1,18.661123994820052,-8.02847446984012
59,5,-1,16.491798425616352,-7.504848612706496
60,5,-1,14.303437518635574,-7.082769835075738
61,5,-1,12.131895878645505,-6.792313670319672
62,5,-1,9.994815352267983,-6.633613715527147
63,5,-1,7.890361675846253,-6.59676498132832
64,5,-1,5.808600230815206,-6.635325435798251
65,5,-1,3.747949765241747,-6.706183475520504
66,5,-1,1.7061634183791838,-6.782330299692917
65,7,-1,-3.9995939107957494,-6.091289966107923
66,7,-1,-4.369563887239962,-6.184238965047697
67,7,-1,-4.965706816718214,-6.364803539726623
68,7,-1,-5.753668161495945,-6.640632157304722
69,7,-1,-6.678570767039906,-7.011515659656382
70,7,-1,-7.685230042461778,-7.450667220333373
71,7,-1,-8.740152795832241,-7.92638754394666
72,7,-1,-9.82751674313263,-8.412747623875148
73,7,-1,-10.931254744529229,-8.899519484289145
74,7,-1,-12.041146727217406,-9.387594080896106
84,7,-1,-48.844885129011814,-3.347815576139311
85,7,-1,-48.61641102651561,-3.3694898731809104
86,7,-1,-48.456134062634504,-3.380975754295079
87,7,-1,-48.035749408086,-3.3917967785985184
88,7,-1,-47.621388677649136,-3.37399830548167
89,7,-1,-47.47061768190168,-3.3636565499147224
90,7,-1,-46.742969620570804,-3.267313865117387
91,7,-1,-46.3149688721331,-3.1849873155380948
92,7,-1,-45.84514350600641,-3.078848011176788
93,7,-1,-45.14599302153566,-2.8977420007405494
94,7,-1,-44.773710911002645,-2.7956508898741106
95,7,-1,-44.571595148158515,-2.738162698509654
96,7,-1,-44.167363622470255,-2.6231863157807425
97,7,-1,-43.51054750693776,-2.435844694384514
98,7,-1,-42.036927756274196,-2.0309069416061476
99,7,-1,-41.21496027753083,-1.813183210612408
100,7,-1,-40.3275891139357,-1.5836150198751255
101,7,-1,-38.3157438978545,-1.1195150232515232
102,7,-1,-35.94981284497911,-0.6983316139220221
103,7,-1,-33.23698120340229,-0.3527321182514811
104,7,-1,-31.237414878619116,-0.18157247266418605
105,7,-1,-30.198627037350242,-0.11071754967690595
106,7,-1,-28.570560495340942,-0.037801932529504256
107,7,-1,-25.141745079749654,-0.00808089453671812
108,7,-1,-21.541867236860753,-0.15430333308331967
109,7,-1,-17.82388932775015,-0.4914690355783052
110,7,-1,-14.046378077858014,-0.9931431766806754
111,7,-1,-10.273702582205477,-1.5910069173733064
112,7,-1,-6.54490831518571,-2.2320166925621265
113,7,-1,-2.87817272735405,-2.870699401631967
114,7,-1,0.7440398264017632,-3.496938655292595
100,5,-1,16.139682090480306,-7.466348601703585
101,5,-1,15.726292516459065,-7.503042360273099
102,5,-1,15.043617437294477,-7.577873483635784
103,5,-1,14.163279414976591,-7.670951267092833
104,5,-1,13.5093612491347,-7.706889709224634
105,5,-1,13.17231616491949,-7.715514311438127
106,5,-1,12.65150765404162,-7.705520947829939
107,5,-1,11.583892450754652,-7.599779302933883
108,5,-1,10.514487125649266,-7.3514242396408775
109,5,-1,9.482602468912521,-6.928756054425222
110,5,-1,8.526947222583798,-6.343729649175558
111,5,-1,7.693354567687258,-5.629149759283308
112,5,-1,7.030095026877078,-4.812448059765798
113,5,-1,6.578252365826477,-3.9194974666416305
114,5,-1,6.348133521753834,-2.9822897282621454
115,5,-1,6.347834433479578,-2.0548673265676882
116,5,-1,6.5863843948203,-1.2163162194520825
117,5,-1,7.086976044794363,-0.5962430259525036
118,5,-1,7.84051325977058,-0.30998896161362666
119,5,-1,8.779021283567781,-0.42605562138498954
120,5,-1,9.792443796643889,-0.9391078481547197
121,5,-1,10.74450537424534,-1.764721378560992
122,5,-1,11.510506189152933,-2.81215229504582
123,5,-1,11.9801145458518,-4.011309620859222
124,5,-1,12.087669989992873,-5.316220460673704
125,5,-1,11.85319484128777,-6.6722585661728
126,5,-1,11.367991156251723,-7.977421849608987
127,5,-1,10.72790302171365,-9.117084904448065
128,5,-1,10.033059899406341,-9.99235625523957
129,5,-1,9.417401102792432,-10.539535785252937
130,5,-1,8.979890322112894,-10.719919018565093
131,5,-1,8.776909585404256,-10.549784065899217
132,5,-1,8.8145171789245,-10.09035355242041
133,5,-1,9.05202807454675,-9.421533875769185
134,5,-1,9.415408819775443,-8.631511452838938
135,5,-1,9.841826412208363,-7.781165266807605
136,5,-1,10.27988068367224,-6.919251094448485
133,5,-1,-5.956875679245945,-12.431690799207246
134,5,-1,-6.124180297497854,-12.428696308191178
135,5,-1,-6.383640510670726,-12.438003162867759
136,5,-1,-6.7005359577248536,-12.486531058560658
137,5,-1,-7.036812873327274,-12.60345355671808
138,5,-1,-7.0913177756074095,-12.634528877703238
139,5,-1,-7.145822677887546,-12.665604198688394
140,5,-1,-7.200327580167682,-12.696679519673552
141,5,-1,-7.2516908841602135,-12.737101086045115
142,5,-1,-7.354417492145277,-12.817944218788242
143,5,-1,-7.4941830408061785,-12.969694507421067
144,5,-1,-7.614902528936705,-13.14867770738158
145,5,-1,-7.725169714183469,-13.375946970487378
146,5,-1,-7.745392363169925,-13.430756692968634
147,5,-1,-7.765615012156381,-13.485566415449888
148,5,-1,-7.785837661142837,-13.540376137931144
149,5,-1,-7.795948985636066,-13.567780999171774
150,5,-1,-7.917865742634019,-14.047129176532666
151,5,-1,-8.019019773124828,-14.547764019263752
152,5,-1,-8.119343294555266,-15.049250328609645
150,7,-1,15.247266230494608,-4.616685448648611
151,7,-1,15.185898131381528,-4.596279553389564
152,7,-1,15.103422620841021,-4.557472728251582
153,7,-1,15.009488075656087,-4.516908106541024
154,7,-1,14.875487393076291,-4.498704407991198
155,7,-1,14.695623086403366,-4.501781032573773
156,7,-1,14.484706164056803,-4.519029087448076
157,7,-1,14.258262933873418,-4.543362857468252
158,7,-1,14.029231985717228,-4.568877580012753
159,7,-1,13.80020103756104,-4.594392302557253
136,7,-1,41.86971750388873,3.6705555297312036
137,7,-1,41.04179306704403,3.5329755360335753
138,7,-1,40.85585080135948,3.502505461882919
139,7,-1,40.669908535674935,3.4720353877322623
140,7,-1,40.483966269990376,3.441565313581606
141,7,-1,40.26721513643746,3.4100867660031655
142,7,-1,39.83371286933162,3.3471296708462854
143,7,-1,39.09354451082402,3.258945903940031
144,7,-1,38.26597284022383,3.186291308975285
145,7,-1,37.22915408359772,3.136722636721425
146,7,-1,36.98044324421857,3.1332815460353185
147,7,-1,36.73173240483942,3.1298404553492123
148,7,-1,36.48302156546027,3.126399364663106
149,7,-1,36.35866614577069,3.124678819320053
150,7,-1,34.13518724910262,3.218724666546777
151,7,-1,31.643222567464008,3.453244935295345
152,7,-1,28.946597122939274,3.7947223960750165
153,7,-1,26.109719451601947,4.209614937126972
154,7,-1,23.196998089525543,4.664380446692405
155,7,-1,20.272222798082176,5.120986490556845
156,7,-1,17.38510646118317,5.5385143970918165
157,7,-1,14.55834788015633,5.9236449686468395
158,7,-1,11.811975370138692,6.285633095114207
159,7,-1,9.159854007107963,6.627535281865703
160,7,-1,6.609960311575696,6.964905717143793
161,7,-1,4.150537139584816,7.303706773698765
162,7,-1,2.9457381432024046,7.4672743201100795
163,7,-1,0.5646333268213967,7.78948671022188
165,2,-1,-4.148155763464014,9.606660124313578
166,2,-1,-5.089970855828206,9.317655658494104
167,2,-1,-5.725203101071401,9.104911131819591
168,2,-1,-7.293674749067982,8.581005576535631
169,2,-1,-9.215460081781423,7.9767011650402395
170,2,-1,-10.293090776730308,7.656204278090129
171,2,-1,-12.63809665191013,7.004274237745165
172,2,-1,-13.884417385826103,6.684272800900558
173,2,-1,-16.47358379297919,6.073068142252538
174,2,-1,-17.356823775185383,5.878889105972462
175,2,-1,-17.798443766288486,5.781799587832424
176,2,-1,-18.132042145896904,5.710313432450037
177,2,-1,-18.46564052550532,5.638827277067649
178,2,-1,-18.799238905113743,5.567341121685261
179,2,-1,-19.132837284722164,5.495854966302872
194,11,-1,7.798308949909085,-2.7005550050680682
195,11,-1,7.877969992466973,-2.7338291030019426
196,11,-1,7.9178005137459175,-2.7504661519688796
197,11,-1,8.252536058512893,-2.8860059379703813
198,11,-1,8.737444566728062,-3.0611515152032633
199,11,-1,9.369382698123522,-3.2631920448328486
200,11,-1,10.124847626464776,-3.478844628607092
201,11,-1,10.402478291380847,-3.551362317341997
202,11,-1,10.541293623838884,-3.58762116170945
203,11,-1,11.435342981885553,-3.79931342352306
204,11,-1,11.621425428811479,-3.840463796954569
205,11,-1,11.807507875737405,-3.881614170386078
206,11,-1,11.900549099200369,-3.9021893571018325
191,11,-1,-4.795342873452334,-3.9002604415950657
192,11,-1,-4.855466127833402,-4.072260246075459
193,11,-1,-4.897432270533324,-4.179583111261863
194,11,-1,-4.9481961287097596,-4.295565768997989
195,11,-1,-4.988549959289896,-4.377249315185035
196,11,-1,-5.008726874579964,-4.418091088278558
197,11,-1,-5.162965718271155,-4.6743011874520155
198,11,-1,-5.363044188304815,-4.9328665552556
199,11,-1,-5.592455730863193,-5.184262196853425
200,11,-1,-5.831529507937034,-5.421673531293422
201,11,-1,-5.91155470132928,-5.499680507140648
202,11,-1,-5.951567298025402,-5.538683995064261
203,11,-1,-6.197504594498568,-5.771548475642206
204,11,-1,-6.248864224923357,-5.818563763777596
205,11,-1,-6.300223855348144,-5.865579051912985
206,11,-1,-6.325903670560538,-5.88908669598068
207,11,-1,-6.590503652624505,-6.1274601461645375
208,11,-1,-6.723916999499286,-6.247331704927419
209,11,-1,-6.857330346374117,-6.367203263690301
229,1,-1,39.12224922961206,-18.676270951909885
230,1,-1,39.14136218409524,-18.591543467796754
231,1,-1,39.17487743344686,-18.470862974522674
232,1,-1,39.21307487289358,-18.33755461673043
233,1,-1,39.25143345573759,-18.203777163194605
212,1,-1,50.64558946136599,-12.602719628002035
213,1,-1,50.46792006127501,-12.757217433574581
214,1,-1,50.395552089575645,-12.824158879371467
215,1,-1,50.001181053642874,-13.148562418215363
216,1,-1,49.49358830279549,-13.411554060081487
217,1,-1,48.912694689899695,-13.516492889829308
218,1,-1,48.291558262333865,-13.419390201606944
219,1,-1,47.62663745001612,-13.134913828108097
220,1,-1,46.88905728927505,-12.750963993071666
221,1,-1,46.02620340122128,-12.372858546640188
222,1,-1,45.528656548658994,-12.198955538875682
223,1,-1,44.98064453420567,-12.038625142262632
224,1,-1,44.846866158907915,-12.006840472414563
225,1,-1,44.71308778361015,-11.975055802566496
226,1,-1,44.57930940831238,-11.943271132718426
227,1,-1,44.44553103301462,-11.911486462870359
228,1,-1,44.37864184536574,-11.895594127946323
229,1,-1,43.01190758667652,-11.670534210937419
230,1,-1,41.46697563329071,-11.524574357772948
231,1,-1,39.79604333025743,-11.452644247877842
232,1,-1,38.05890474361566,-11.448160835694608
233,1,-1,36.31704730328548,-11.513398351267838
234,1,-1,34.610714173420455,-11.693845287313096
235,1,-1,32.972253604852575,-11.999138736907724
236,1,-1,31.420966514994674,-12.355737906154559
237,1,-1,29.973661237318925,-12.65292086115791
238,1,-1,28.631734644576284,-12.821951007426847
239,1,-1,27.378630184312858,-12.873192137618005
240,1,-1,26.176940649310747,-12.870490335774605
241,1,-1,24.980693539352156,-12.84783276326762
242,1,-1,23.76210610653268,-12.808295481058053
243,1,-1,22.499138022840743,-12.759909363278283
244,1,-1,21.161752038298037,-12.704669659967848
245,1,-1,19.737789548555774,-12.655690631338146
246,1,-1,18.262862742562866,-12.612810300172114
247,1,-1,16.78831510344243,-12.55895653582877
248,1,-1,15.347132202441756,-12.469674005606677
249,1,-1,13.961936638118582,-12.342905721091228
250,1,-1,12.646989988824696,-12.183937055509164
251,1,-1,11.390052602349574,-12.004922781210636
252,1,-1,10.160223764328038,-11.82731029312356
253,1,-1,9.445245825214881,-11.730750609861841
254,1,-1,9.240994327136937,-11.70340351164108
255,1,-1,9.036742829058996,-11.676056413420314
256,1,-1,8.934617080020026,-11.662382864309933
257,1,-1,178.96866569805354,-8.300228706131819
258,1,-1,178.8262663960934,-8.401617285654666
259,1,-1,178.6426489503929,-8.554515382650635
260,1,-1,178.47538983812862,-8.692997432342153
261,1,-1,178.46588905872065,-8.69886665684924
262,1,-1,178.4563882793127,-8.704735881356328
263,1,-1,178.44688749990473,-8.710605105863415
264,1,-1,178.43738672049682,-8.716474330370502
265,1,-1,178.4278859410889,-8.722343554877588
266,1,-1,178.41838516168093,-8.728212779384677
267,1,-1,178.38624396194092,-8.72512329146754
268,1,-1,178.40187337595745,-8.575206525506774
269,1,-1,178.41791715703872,-8.51792628966027
270,1,-1,178.43396093812004,-8.460646053813765
271,1,-1,178.44198282866068,-8.432005935890514
272,1,-1,178.46093128682463,-8.372384499049051
273,1,-1,178.47987974498855,-8.312763062207589
274,1,-1,178.4988282031525,-8.253141625366126
275,1,-1,178.56924382359244,-8.047809178529803
276,1,-1,178.7305747239176,-7.593440331523752
277,1,-1,178.86760888681474,-7.1347888318092885
278,1,-1,178.9370293591039,-6.7154341993902165
279,1,-1,178.92573495855854,-6.375008495422193
280,1,-1,178.8348415598306,-6.161122073672203
281,1,-1,178.68201099292196,-6.103378475100484
282,1,-1,178.4981355164869,-6.19823411967289
283,1,-1,178.32846792654232,-6.395950634547091
284,1,-1,178.3037835676372,-6.44165875865117
285,1,-1,178.27909920873208,-6.487366882755246
286,1,-1,178.26675702927952,-6.510220944807287
287,1,-1,178.2305391322911,-6.6244336551047525
288,1,-1,178.2275413817373,-6.731538773430259
289,1,-1,178.26333525781328,-6.824733358231711
290,1,-1,178.27631582122171,-6.838293789931404
291,1,-1,178.2892963846302,-6.851854221631096
292,1,-1,178.30227694803867,-6.865414653330789
293,1,-1,178.3152575114471,-6.878975085030482
294,1,-1,178.32823807485553,-6.892535516730174
295,1,-1,178.33472835655976,-6.899315732580021
296,1,-1,178.38526804171693,-6.9272996268804405
297,1,-1,178.43580772687412,-6.95528352118086
298,1,-1,178.5605191973591,-6.993747411534287
299,1,-1,178.85662175325203,-7.022606247499212
300,1,-1,179.17476292221215,-6.995061242103731
301,1,-1,179.4725588776635,-6.92613688899263
302,1,-1,179.72206747911284,-6.824314386759952
303,1,-1,179.90447467231567,-6.701834769895697
304,1,-1,-179.98882797752242,-6.576276182408321
305,1,-1,-179.94793163312846,-6.481895276183707
306,1,-1,-179.94740679845242,-6.463062548364931
307,1,-1,-179.96030539002513,-6.550598861686453
308,1,-1,-179.95324124385706,-6.688803127187497
309,1,-1,-179.94629340660995,-6.742748788171326
310,1,-1,-179.92891212161595,-6.80672350396776
311,1,-1,-179.91153083662195,-6.870698219764194
312,1,-1,-179.89647946848012,-6.906822213535244
313,1,-1,-179.86637673219644,-6.979070201077341
314,1,-1,-179.85132536405462,-7.015194194848391
315,1,-1,-179.77114707316284,-7.17297731405543
316,1,-1,-179.67855056725776,-7.3406014248143086
317,1,-1,-179.47418523744685,-7.691427773515372
318,1,-1,-179.25622468658642,-8.059877364062018
319,1,-1,-179.0385840094197,-8.489144935838382
320,1,-1,-178.8474841739929,-9.026598999654482
321,1,-1,-178.70334866380435,-9.674018576987692
322,1,-1,-178.68924237041196,-9.760786503777297
323,1,-1,-178.66102978362716,-9.934322357356507
324,1,-1,-178.64692349023477,-10.021090284146112
325,1,-1,-178.55420970975487,-10.740374968746977
326,1,-1,-178.4645075017643,-11.487527836737812
327,1,-1,-178.4114032924844,-11.869904406949644
328,1,-1,-178.26992377341938,-12.648956954696487
329,1,-1,-178.17404250765975,-13.044312586187628
330,1,-1,-177.92409176404178,-13.842215492339207
327,6,-1,174.01897275630023,-2.480081461813811
328,6,-1,173.9708659552351,-2.7780078484175874
329,6,-1,173.9563363182607,-2.9946961003014536
330,6,-1,173.98169288838088,-3.562907203683111
331,6,-1,174.07636504847636,-4.114542582853339
332,6,-1,174.11749396602954,-4.313441212642218
333,6,-1,174.32898748753848,-5.220904536360294
334,6,-1,174.43584116880552,-5.717213651720186
335,6,-1,174.59580735952562,-6.761594417490528
336,6,-1,174.60951197070827,-7.830468734060175
337,6,-1,174.53353867755357,-8.357394787919176
338,6,-1,174.1628928556445,-9.368755171168715
339,6,-1,173.8489654347181,-9.853931199776326
340,6,-1,172.9189820169467,-10.819408529208175
341,6,-1,171.54590016426337,-11.816956292553314
342,6,-1,170.69219398971012,-12.317230371042086
343,6,-1,168.66525849527628,-13.264736978427933
344,6,-1,167.50052891959848,-13.688221185439673
345,6,-1,164.8986056641983,-14.38218310214988
346,6,-1,163.29790596618065,-14.66215517872768
347,6,-1,162.96054080416232,-14.705107074764877
348,6,-1,162.62317564214402,-14.748058970802074
349,6,-1,162.28581048012566,-14.79101086683927
350,6,-1,161.94844531810736,-14.833962762876466
351,6,-1,161.14729045044976,-14.897365692499024
352,6,-1,160.3461355827922,-14.960768622121579
353,6,-1,156.8854174855717,-15.0046938418445
354,6,-1,155.01860705901737,-14.920996349871828
355,6,-1,150.98332616515137,-14.563199515626792
356,6,-1,148.05287050058098,-14.199282386313103
357,6,-1,146.53907783876593,-13.993016878768898
358,6,-1,145.7524264983922,-13.874678689166942
359,6,-1,144.17912381764472,-13.638002309963028
360,6,-1,141.73776939878607,-13.240369011952778
361,6,-1,136.64231789050078,-12.329236541459764
351,1,-1,172.82734653103512,-5.203320930237069
352,1,-1,172.85378597419017,-5.227870834878587
353,1,-1,173.00823369817954,-5.434202443826805
354,1,-1,173.09141145420898,-5.590041844157582
355,1,-1,173.21775397718446,-6.005593835205374
356,1,-1,173.2416401800412,-6.336970146535147
357,1,-1,173.23816941746085,-6.5103359505213385
358,1,-1,173.22738224619886,-6.601286846379007
359,1,-1,173.20580790367498,-6.7831886380943445
360,1,-1,173.15165999716626,-7.066931799201158
361,1,-1,172.99948091475002,-7.659435509776486
362,1,-1,172.91218769322737,-7.964369043125145
363,1,-1,172.8245839877516,-8.272539017767912
364,1,-1,172.74030086377653,-8.582130354782478
365,1,-1,172.57342078023945,-9.201754006556328
366,1,-1,172.48998073847093,-9.511565832443253
365,13,-1,15.651822474492581,-7.754457661217899
366,13,-1,15.765451573051546,-7.789064854857016
367,13,-1,15.923774132140823,-7.837779082550042
368,13,-1,16.134627054773272,-7.899142199128094
369,13,-1,16.404212021995743,-7.965203317945949
370,13,-1,17.13926082695795,-8.074875488008857
371,13,-1,18.142884744524753,-8.119208132045415
372,13,-1,18.738280371231436,-8.113076120205974
373,13,-1,20.085608011901204,-8.050908278580563
374,13,-1,20.81607802219983,-8.003184935497345
375,13,-1,22.34257511648918,-7.901806649801343
376,13,-1,22.659051451317385,-7.884878859237076
377,13,-1,22.97552778614559,-7.867951068672809
378,13,-1,23.133765953559696,-7.859487173390675
379,13,-1,23.401588290556365,-7.847423798348557
380,13,-1,23.669410627553034,-7.83536042330644
381,13,-1,23.937232964549708,-7.8232970482643225
400,10,-1,161.99221163634522,-15.521553236451878
401,10,-1,162.24217757414053,-15.52001180561437
402,10,-1,162.62980740237074,-15.448093201456542
403,10,-1,163.124783011903,-15.250630929970852
404,10,-1,163.6916802403604,-14.907366881992075
405,10,-1,164.28715850198893,-14.410463175224164
406,10,-1,164.88269478815903,-13.718598051556228
407,10,-1,165.47802860916474,-12.765664479461947
408,10,-1,166.06344686333145,-11.544935532605137
409,10,-1,166.62497545079825,-10.129225179412716
410,10,-1,167.17447779008046,-8.562624925867851
411,10,-1,167.72784570015745,-6.895036520077085
409,10,-1,164.10264812040705,-18.34765565057363
410,10,-1,164.06598426692284,-18.071115359280682
411,10,-1,164.00834265394946,-17.555010116206844
412,10,-1,163.92817850077088,-16.837235528494176
413,10,-1,163.8261875636928,-15.963865555372877
414,10,-1,163.71979038785648,-15.040087588463933
415,10,-1,163.62490015622095,-14.191582111792044
416,10,-1,163.56601209206573,-13.471810006013555
417,10,-1,163.56408313849334,-12.910456063125652
418,10,-1,163.68628009647128,-12.48745188136364
419,10,-1,163.98966051765126,-12.15236238624091
420,10,-1,164.47194126118526,-11.881994662322384
421,10,-1,165.10529809384641,-11.638001281507854
422,10,-1,165.8502741265438,-11.331892245172199
423,10,-1,166.6528392932163,-10.968554521605242
424,10,-1,167.08922304920696,-10.766798665014605
425,10,-1,167.14746834401245,-10.739831242938509
426,10,-1,167.2057136388179,-10.712863820862413
427,10,-1,167.26395893362343,-10.68589639878632
428,10,-1,167.3222042284289,-10.658928976710223
429,10,-1,167.38044952323432,-10.631961554634128
430,10,-1,167.4386948180398,-10.604994132558032
431,10,-1,167.46781746544252,-10.591510421519985
432,10,-1,167.54194784064947,-10.55718824796859
433,10,-1,167.61607821585648,-10.522866074417196
434,10,-1,167.6902085910634,-10.488543900865801
435,10,-1,167.76433896627037,-10.454221727314406
436,10,-1,167.83846934147732,-10.419899553763011
437,10,-1,167.8755345290808,-10.402738466987316
438,10,-1,167.99202511869174,-10.348803622835124
439,10,-1,168.1085157083027,-10.29486877868293
440,10,-1,168.22500629791364,-10.240933934530743
441,10,-1,168.28325159271907,-10.213966512454647
431,10,-1,114.08507016378925,7.206737462048224
432,10,-1,114.08621407838444,7.204063354816022
433,10,-1,114.08735799297963,7.201389247583818
434,10,-1,114.08850190757482,7.198715140351615
435,10,-1,114.08964582217,7.196041033119411
436,10,-1,114.09078973676519,7.193366925887209
437,10,-1,114.09136169406278,7.1920298722711085
438,10,-1,114.09353118726055,7.186344585466508
439,10,-1,114.09570068045831,7.180659298661911
440,10,-1,114.09787017365606,7.174974011857312
441,10,-1,114.09895492025497,7.1721313684550125
442,10,-1,114.1145752712789,7.130604056143142
443,10,-1,114.13019562230282,7.089076743831271
444,10,-1,114.14581597332675,7.0475494315194
423,10,-1,165.4102036935841,4.763533859297168
424,10,-1,165.36832289519486,4.777362780465755
425,10,-1,165.36104859261408,4.780147655738419
426,10,-1,165.35377429003339,4.782932531011081
427,10,-1,165.3464999874526,4.785717406283744
428,10,-1,165.33922568487185,4.788502281556407
429,10,-1,165.33195138229107,4.79128715682907
430,10,-1,165.32467707971037,4.794072032101733
431,10,-1,165.32103992841994,4.795464469738064
432,10,-1,165.30998749428554,4.800039789089749
433,10,-1,165.29893506015114,4.804615108441434
434,10,-1,165.28788262601674,4.809190427793118
435,10,-1,165.27683019188234,4.813765747144803
436,10,-1,165.26577775774794,4.8183410664964885
437,10,-1,165.26025154068074,4.82062872617233
438,10,-1,165.24086626750346,4.829042118203502
439,10,-1,165.22148099432613,4.837455510234676
440,10,-1,165.20209572114885,4.845868902265848
441,10,-1,165.1924030845602,4.850075598281435
442,10,-1,165.04636699643848,4.9160144611036
443,10,-1,164.89768494225842,4.9698977213278965
444,10,-1,164.76627972318687,4.976880256262006
445,10,-1,164.67416322436847,4.9247452141422485
446,10,-1,164.61040347265276,4.758244568196304
447,10,-1,164.53512296692114,4.444296338585104
448,10,-1,164.38802125346947,3.9490525867429227
449,10,-1,164.13860804401642,3.2854953469022092
450,10,-1,163.79802782412833,2.512735798401522
451,10,-1,163.402856016742,1.695944160095678
452,10,-1,163.19224865123624,1.2735069157998646
453,10,-1,163.18052209836762,1.2500358533110287
454,10,-1,163.168795545499,1.226564790822193
455,10,-1,163.15706899263037,1.2030937283333574
456,10,-1,163.1453424397617,1.1796226658445212
457,10,-1,163.1336158868931,1.1561516033556853
458,10,-1,163.12188933402444,1.1326805408668494
459,10,-1,163.11016278115582,1.1092094783780138
460,10,-1,163.09843622828717,1.0857384158891779
461,10,-1,163.08670967541855,1.062267353400342
462,10,-1,163.0749831225499,1.038796290911506
463,10,-1,163.06325656968124,1.0153252284226701
464,10,-1,163.05153001681262,0.9918541659338342
465,10,-1,163.039803463944,0.9683831034449986
466,10,-1,163.02807691107535,0.9449120409561627
467,10,-1,163.01635035820675,0.9214409784673268
468,10,-1,163.00462380533807,0.8979699159784909
469,10,-1,162.99289725246945,0.874498853489655
470,10,-1,162.9831251250789,0.8549396347489585
471,10,-1,162.96358087029785,0.8158211972675653
472,10,-1,162.94403661551678,0.7767027597861722
473,10,-1,162.92449236073574,0.7375843223047791
474,10,-1,162.90494810595467,0.6984658848233859
475,10,-1,162.8854038511736,0.6593474473419928
476,10,-1,162.86585959639254,0.6202290098605997
477,10,-1,162.84631534161147,0.5811105723792065
478,10,-1,162.8267710868304,0.5419921348978135
479,10,-1,162.80722683204937,0.5028736974164202
480,10,-1,162.7876825772683,0.4637552599350272
481,10,-1,162.7821362346953,0.4526540817308481
482,10,-1,162.7710435495493,0.43045172532248976
483,10,-1,162.75995086440327,0.4082493689141315
484,10,-1,162.74885817925727,0.3860470125057733
485,10,-1,162.73776549411127,0.363844656097415
486,10,-1,162.72667280896525,0.34164229968905674
487,10,-1,162.71558012381925,0.3194399432806985
488,10,-1,162.70448743867323,0.29723758687234025
489,10,-1,162.69339475352723,0.275035230463982
490,10,-1,162.68230206838123,0.25283287405562377
491,10,-1,162.6712093832352,0.2306305176472655
492,10,-1,162.66011669808924,0.20842816123890723
493,10,-1,162.6490240129432,0.18622580483054896
494,10,-1,162.6379313277972,0.16402344842219074
495,10,-1,162.6268386426512,0.14182109201383247
496,10,-1,162.61574595750517,0.1196187356054742
497,10,-1,162.6046532723592,0.09741637919711599
498,10,-1,162.59356058721318,0.07521402278875772
499,10,-1,162.58246790206715,0.05301166638039945
500,13,-1,-27.759731700784165,7.781159699011767
501,13,-1,-28.112773641411195,7.683808048541721
502,13,-1,-28.559162251743548,7.549880460416148
503,13,-1,-28.677688900581735,7.513426649219476
504,13,-1,-28.796215549419916,7.476972838022802
505,13,-1,-29.03308676788062,7.404828630659069
506,13,-1,-29.507775674767885,7.277767914390977
507,13,-1,-29.745922423084192,7.222708033533864
508,13,-1,-29.98451845652921,7.1723916199518385
509,13,-1,-30.46280164444612,7.083278641884404
510,13,-1,-30.702360431738406,7.043126801034703
511,13,-1,-30.942111769800167,7.0050078747314615
520,13,-1,-19.437996345744388,-13.284717859829685
521,13,-1,-19.523145664026792,-13.313647670863276
522,13,-1,-19.61743472236858,-13.359926231800273
523,13,-1,-19.652739190128028,-13.379067842086755
524,13,-1,-19.83155437474911,-13.501188145509644
525,13,-1,-20.073906902427428,-13.678485857458028
526,13,-1,-20.371700028715434,-13.856148074419437
527,13,-1,-20.536925913181342,-13.925173333065105
528,13,-1,-20.71143778520714,-13.971132204198511
529,13,-1,-20.89734589200822,-13.989915338595694
530,13,-1,-21.314907485580104,-13.932611133455126
531,13,-1,-21.812724045184737,-13.72657419019089
532,13,-1,-22.413908922109787,-13.345117981350455
533,13,-1,-22.760101912852296,-13.081422592800026
534,13,-1,-23.54673302013189,-12.420247533677156
535,13,-1,-23.98430714154063,-12.034667344060876
536,13,-1,-24.939899699111727,-11.184342471959468
537,13,-1,-25.98636955511888,-10.2614551535778
538,13,-1,-27.082710062025978,-9.274797585286734
539,13,-1,-27.635011598819315,-8.757769948340169
540,13,-1,-28.183403431029,-8.225716480397992
541,13,-1,-28.86279148718914,-7.544190074071111
542,13,-1,-29.13319065697003,-7.268536442723416
543,13,-1,-29.26839024186048,-7.130709627049568
501,13,-1,-19.017500904058952,-6.749157256462112
502,13,-1,-19.505996667263783,-6.631930190435739
503,13,-1,-19.667228397342576,-6.588312329543982
504,13,-1,-19.82846012742137,-6.544694468652224
505,13,-1,-20.193507082012783,-6.4443687321237775
506,13,-1,-21.021921434059564,-6.220225335649943
507,13,-1,-21.471236825006105,-6.10414016191163
508,13,-1,-21.937683752207782,-5.98980364903521
509,13,-1,-22.908454503973587,-5.778396945841764
510,13,-1,-23.406019472836196,-5.687336925511616
511,13,-1,-23.907198266551045,-5.610045906017092
512,13,-1,-24.890143806802307,-5.493703104135889
513,13,-1,-25.772423600926075,-5.382861658197598
514,13,-1,-26.487304105874006,-5.21696784779742
515,13,-1,-26.769483523272726,-5.112575738903502
516,13,-1,-27.002968192170012,-4.997346954824025
517,13,-1,-27.19065183934415,-4.871833914159084
518,13,-1,-27.438825043231407,-4.592751076804333
519,13,-1,-27.52680209332607,-4.275511596355258
520,13,-1,-27.465374848235054,-3.916638176321726
521,13,-1,-27.286898559606826,-3.530145836983777
522,13,-1,-27.093310959631083,-3.2328455931237774
523,13,-1,-27.021874880615265,-3.133150582140658
524,13,-1,-26.66990950573989,-2.728917101586674
525,13,-1,-26.22300669512231,-2.31661679924116
526,13,-1,-25.68207485618826,-1.8877377620959805
527,13,-1,-25.388089018877636,-1.6728940721553298
528,13,-1,-25.089901018066932,-1.4650670172778462
529,13,-1,-24.795760486289574,-1.2685237516140404
530,13,-1,-24.23019728223017,-0.9076361555908079
531,13,-1,-23.678549265214183,-0.5601672117530114
532,13,-1,-23.061545943892213,-0.19185380619316564
533,13,-1,-22.708326353675705,0.001923788937162385
534,13,-1,-21.88656032573943,0.39668802205937936
535,13,-1,-21.416037773862815,0.5898258492450736
536,13,-1,-20.376219617466262,0.9430038455716385
537,13,-1,-19.248849247012032,1.223789223505307
538,13,-1,-18.057092592418563,1.3966431757572622
539,13,-1,-17.432434977898627,1.437737533287546
540,13,-1,-16.79320918060453,1.4507849483807433
541,13,-1,-15.982925445177962,1.4296389909804397
542,13,-1,-15.657570920203693,1.4123172622798668
543,13,-1,-15.494893657716558,1.4036563979295806
544,13,-1,-14.189820276958818,1.2960060267117228
545,13,-1,-14.003241973770146,1.2791659372457216
546,13,-1,-13.816663670581478,1.2623258477797206
547,13,-1,-13.630085367392807,1.2454857583137195
548,13,-1,103.0018962369674,-5.956771519134691
549,13,-1,103.02114265684986,-5.961040711369021
550,13,-1,103.04038907673232,-5.965309903603351
551,13,-1,103.05963549661479,-5.96957909583768
552,13,-1,103.07888191649724,-5.97384828807201
553,13,-1,103.0981283363797,-5.978117480306341
554,13,-1,103.11737475626215,-5.98238667254067
555,13,-1,103.1300288563121,-5.986131391073801
556,13,-1,103.15533705641195,-5.993620828140063
557,13,-1,103.1806452565118,-6.001110265206326
558,13,-1,103.20595345661165,-6.008599702272586
559,13,-1,103.23126165671151,-6.016089139338849
560,13,-1,103.25656985681135,-6.023578576405111
561,13,-1,103.2692239568613,-6.027323294938242
562,13,-1,103.30153262504892,-6.039465727474643
563,13,-1,103.33384129323653,-6.051608160011043
564,13,-1,103.36614996142417,-6.0637505925474455
565,13,-1,103.39845862961178,-6.075893025083846
566,13,-1,103.4307672977994,-6.088035457620246
567,13,-1,103.44692163189322,-6.094106673888447
568,13,-1,103.54382292169073,-6.139727090158217
569,13,-1,103.64072421148826,-6.185347506427989
570,13,-1,103.66335509353235,-6.198363099745846
571,13,-1,103.70861685762057,-6.224394286381563
572,13,-1,103.75387862170876,-6.25042547301728
573,13,-1,103.79914038579699,-6.276456659652998
574,13,-1,103.8444021498852,-6.302487846288713
575,13,-1,103.91427449880976,-6.348934158183108
576,13,-1,104.0540191966589,-6.441826781971898
577,13,-1,104.26696995614977,-6.59992196298154
578,13,-1,104.35409504000646,-6.667331742851037
579,13,-1,104.44122012386316,-6.734741522720531
580,13,-1,104.4847826657915,-6.768446412655281
581,13,-1,104.706849742886,-6.939491069380324
582,13,-1,104.72637602242295,-6.954314017865894
583,13,-1,104.74590230195994,-6.9691369663514635
584,13,-1,104.7654285814969,-6.983959914837032
585,13,-1,104.78495486103385,-6.998782863322602
586,13,-1,104.80448114057081,-7.013605811808171
587,13,-1,104.82400742010778,-7.028428760293742
588,13,-1,104.84353369964475,-7.043251708779311
589,13,-1,104.86305997918171,-7.05807465726488
590,13,-1,104.8825862587187,-7.07289760575045
591,13,-1,104.90211253825565,-7.08772055423602
592,13,-1,104.92163881779261,-7.102543502721589
